max_iterations,min_tabu_size,max_tabu_size,num_cities,execution_time,memory_used,best_distance
10,10,50,10,0.0,86.1,274.65
100,10,50,10,0.02,94.07,274.65
500,10,50,10,0.1,96.36,274.65
1000,10,50,10,0.21,98.74,274.65
3000,10,50,10,0.62,100.89,274.65
10,10,100,10,0.0,103.28,274.65
100,10,100,10,0.02,105.44,274.65
500,10,100,10,0.12,107.88,274.65
1000,10,100,10,0.24,110.02,274.65
3000,10,100,10,0.73,112.39,274.65
10,10,150,10,0.0,114.61,274.65
100,10,150,10,0.02,117.01,274.65
500,10,150,10,0.13,119.2,274.65
1000,10,150,10,0.27,121.54,274.65
3000,10,150,10,0.83,123.81,274.65
10,10,200,10,0.0,125.94,274.65
100,10,200,10,0.03,128.28,274.65
500,10,200,10,0.14,130.66,274.65
1000,10,200,10,0.3,132.96,274.65
3000,10,200,10,0.93,135.19,274.65
10,10,300,10,0.0,137.46,274.65
100,10,300,10,0.02,139.66,274.65
500,10,300,10,0.16,141.97,274.65
1000,10,300,10,0.35,144.49,274.65
3000,10,300,10,1.11,146.91,274.65
10,20,50,10,0.0,149.0,274.65
100,20,50,10,0.02,151.18,274.65
500,20,50,10,0.1,153.42,274.65
1000,20,50,10,0.21,155.6,274.65
3000,20,50,10,0.63,157.92,274.65
10,20,100,10,0.0,160.26,274.65
100,20,100,10,0.02,162.54,274.65
500,20,100,10,0.12,164.86,274.65
1000,20,100,10,0.24,166.96,274.65
3000,20,100,10,0.74,169.23,274.65
10,20,150,10,0.0,171.38,274.65
100,20,150,10,0.02,173.75,274.65
500,20,150,10,0.13,175.98,274.65
1000,20,150,10,0.27,178.33,274.65
3000,20,150,10,0.86,180.7,274.65
10,20,200,10,0.0,183.03,274.65
100,20,200,10,0.02,185.14,274.65
500,20,200,10,0.14,187.46,274.65
1000,20,200,10,0.3,189.72,274.65
3000,20,200,10,0.92,192.04,274.65
10,20,300,10,0.0,194.38,274.65
100,20,300,10,0.02,196.59,274.65
500,20,300,10,0.16,198.88,274.65
1000,20,300,10,0.35,201.42,274.65
3000,20,300,10,1.11,203.76,274.65
10,30,50,10,0.0,206.13,274.65
100,30,50,10,0.02,208.33,274.65
500,30,50,10,0.1,210.57,274.65
1000,30,50,10,0.21,212.82,274.65
3000,30,50,10,0.63,215.14,274.65
10,30,100,10,0.0,217.31,274.65
100,30,100,10,0.02,219.56,274.65
500,30,100,10,0.12,221.85,274.65
1000,30,100,10,0.24,224.11,274.65
3000,30,100,10,0.73,226.4,274.65
10,30,150,10,0.0,228.73,274.65
100,30,150,10,0.02,231.01,274.65
500,30,150,10,0.13,233.29,274.65
1000,30,150,10,0.27,235.62,274.65
3000,30,150,10,0.82,237.9,274.65
10,30,200,10,0.0,240.12,274.65
100,30,200,10,0.02,242.36,274.65
500,30,200,10,0.16,244.63,274.65
1000,30,200,10,0.3,246.92,274.65
3000,30,200,10,0.92,249.34,274.65
10,30,300,10,0.0,251.69,274.65
100,30,300,10,0.02,253.99,274.65
500,30,300,10,0.16,256.46,274.65
1000,30,300,10,0.35,258.73,274.65
3000,30,300,10,1.11,261.0,274.65
10,50,50,10,0.0,263.05,274.65
100,50,50,10,0.02,265.38,274.65
500,50,50,10,0.1,267.65,274.65
1000,50,50,10,0.21,269.88,274.65
3000,50,50,10,0.62,272.26,274.65
10,50,100,10,0.0,274.53,274.65
100,50,100,10,0.02,276.77,274.65
500,50,100,10,0.12,279.02,274.65
1000,50,100,10,0.24,281.23,274.65
3000,50,100,10,0.73,283.52,274.65
10,50,150,10,0.0,285.82,274.65
100,50,150,10,0.02,288.31,274.65
500,50,150,10,0.13,290.5,274.65
1000,50,150,10,0.27,292.75,274.65
3000,50,150,10,0.83,295.18,274.65
10,50,200,10,0.0,297.47,274.65
100,50,200,10,0.02,299.69,274.65
500,50,200,10,0.14,301.98,274.65
1000,50,200,10,0.3,304.2,274.65
3000,50,200,10,0.92,306.67,274.65
10,50,300,10,0.0,308.64,274.65
100,50,300,10,0.02,311.0,274.65
500,50,300,10,0.16,313.27,274.65
1000,50,300,10,0.35,315.55,274.65
3000,50,300,10,1.13,317.83,274.65
10,100,50,10,0.0,320.1,274.65
100,100,50,10,0.02,322.32,274.65
500,100,50,10,0.1,324.6,274.65
1000,100,50,10,0.21,327.05,274.65
3000,100,50,10,0.62,329.39,274.65
10,100,100,10,0.0,331.59,274.65
100,100,100,10,0.02,333.87,274.65
500,100,100,10,0.12,336.1,274.65
1000,100,100,10,0.24,338.34,274.65
3000,100,100,10,0.72,340.77,274.65
10,100,150,10,0.0,343.08,274.65
100,100,150,10,0.02,345.43,274.65
500,100,150,10,0.13,347.65,274.65
1000,100,150,10,0.27,349.85,274.65
3000,100,150,10,0.83,352.1,274.65
10,100,200,10,0.0,354.1,274.65
100,100,200,10,0.02,356.46,274.65
500,100,200,10,0.14,358.7,274.65
1000,100,200,10,0.3,361.02,274.65
3000,100,200,10,0.92,363.52,274.65
10,100,300,10,0.0,365.95,274.65
100,100,300,10,0.02,368.2,274.65
500,100,300,10,0.16,371.93,274.65
1000,100,300,10,0.35,373.79,274.65
3000,100,300,10,1.11,376.07,274.65
10,10,50,20,0.01,86.88,358.88
100,10,50,20,0.14,94.88,358.88
500,10,50,20,0.72,97.43,358.88
1000,10,50,20,1.44,100.13,358.88
3000,10,50,20,4.31,102.71,358.88
10,10,100,20,0.01,105.25,358.88
100,10,100,20,0.14,107.94,358.88
500,10,100,20,0.79,110.82,358.88
1000,10,100,20,1.58,113.46,358.88
3000,10,100,20,4.81,116.03,358.88
10,10,150,20,0.01,118.61,358.88
100,10,150,20,0.14,121.32,358.88
500,10,150,20,0.84,123.93,345.17
1000,10,150,20,1.71,126.39,345.17
3000,10,150,20,5.21,129.31,345.17
10,10,200,20,0.01,131.87,358.88
100,10,200,20,0.15,134.6,358.88
500,10,200,20,0.9,137.16,345.17
1000,10,200,20,1.86,139.79,345.17
3000,10,200,20,5.7,142.49,345.17
10,10,300,20,0.01,145.29,358.88
100,10,300,20,0.15,147.96,358.88
500,10,300,20,1.03,150.55,345.17
1000,10,300,20,2.19,153.05,345.17
3000,10,300,20,6.99,155.63,345.17
10,20,50,20,0.01,158.14,358.88
100,20,50,20,0.15,161.14,358.88
500,20,50,20,0.77,163.66,358.88
1000,20,50,20,1.52,166.21,358.88
3000,20,50,20,4.64,168.75,358.88
10,20,100,20,0.02,171.48,358.88
100,20,100,20,0.16,174.11,358.88
500,20,100,20,0.97,176.72,358.88
1000,20,100,20,1.67,179.64,358.88
3000,20,100,20,5.19,182.16,358.88
10,20,150,20,0.01,184.73,358.88
100,20,150,20,0.15,187.31,358.88
500,20,150,20,0.89,189.88,345.17
1000,20,150,20,1.81,192.5,345.17
3000,20,150,20,5.72,195.3,345.17
10,20,200,20,0.01,197.83,358.88
100,20,200,20,0.16,200.55,358.88
500,20,200,20,1.03,203.3,345.17
1000,20,200,20,2.21,205.83,345.17
3000,20,200,20,6.67,208.36,345.17
10,20,300,20,0.01,211.16,358.88
100,20,300,20,0.15,213.67,358.88
500,20,300,20,1.26,216.29,345.17
1000,20,300,20,2.39,218.88,345.17
3000,20,300,20,7.28,221.41,345.17
10,30,50,20,0.01,223.91,358.88
100,30,50,20,0.15,226.81,358.88
500,30,50,20,0.78,229.4,358.88
1000,30,50,20,1.61,232.01,358.88
3000,30,50,20,4.98,234.87,358.88
10,30,100,20,0.01,237.36,358.88
100,30,100,20,0.15,240.06,358.88
500,30,100,20,0.88,242.69,358.88
1000,30,100,20,1.71,245.44,358.88
3000,30,100,20,5.33,248.04,358.88
10,30,150,20,0.01,250.63,358.88
100,30,150,20,0.16,253.15,358.88
500,30,150,20,0.97,255.71,345.17
1000,30,150,20,1.97,258.28,345.17
3000,30,150,20,5.75,261.03,345.17
10,30,200,20,0.01,263.65,358.88
100,30,200,20,0.18,266.3,358.88
500,30,200,20,0.96,268.86,345.17
1000,30,200,20,2.03,271.45,345.17
3000,30,200,20,6.11,274.02,345.17
10,30,300,20,0.01,276.92,358.88
100,30,300,20,0.15,279.5,358.88
500,30,300,20,1.19,282.12,345.17
1000,30,300,20,2.16,284.68,345.17
3000,30,300,20,7.08,287.27,345.17
10,50,50,20,0.01,289.77,358.88
100,50,50,20,0.14,292.62,358.88
500,50,50,20,0.73,295.23,358.88
1000,50,50,20,1.49,298.04,358.88
3000,50,50,20,4.6,300.65,358.88
10,50,100,20,0.01,303.14,358.88
100,50,100,20,0.15,305.8,358.88
500,50,100,20,0.84,308.32,358.88
1000,50,100,20,1.68,311.22,358.88
3000,50,100,20,5.04,313.8,358.88
10,50,150,20,0.01,316.34,358.88
100,50,150,20,0.16,318.91,358.88
500,50,150,20,0.92,321.67,345.17
1000,50,150,20,1.85,324.23,345.17
3000,50,150,20,5.3,327.04,345.17
10,50,200,20,0.01,329.7,358.88
100,50,200,20,0.14,332.3,358.88
500,50,200,20,0.89,334.88,345.17
1000,50,200,20,1.87,337.61,345.17
3000,50,200,20,5.82,340.14,345.17
10,50,300,20,0.01,342.92,358.88
100,50,300,20,0.15,345.61,358.88
500,50,300,20,0.96,348.29,345.17
1000,50,300,20,2.12,350.91,345.17
3000,50,300,20,7.2,353.41,345.17
10,100,50,20,0.02,355.98,358.88
100,100,50,20,0.14,358.72,358.88
500,100,50,20,0.72,361.48,358.88
1000,100,50,20,1.54,364.04,358.88
3000,100,50,20,4.68,366.57,358.88
10,100,100,20,0.01,369.11,358.88
100,100,100,20,0.15,371.82,358.88
500,100,100,20,0.83,374.33,358.88
1000,100,100,20,1.74,377.12,358.88
3000,100,100,20,5.08,379.8,358.88
10,100,150,20,0.01,382.37,358.88
100,100,150,20,0.15,385.08,358.88
500,100,150,20,0.86,387.7,345.17
1000,100,150,20,1.81,390.39,345.17
3000,100,150,20,5.92,392.99,345.17
10,100,200,20,0.01,395.59,358.88
100,100,200,20,0.16,398.15,358.88
500,100,200,20,1.02,400.73,345.17
1000,100,200,20,2.08,403.71,345.17
3000,100,200,20,6.27,406.4,345.17
10,100,300,20,0.01,408.93,358.88
100,100,300,20,0.19,411.54,358.88
500,100,300,20,1.05,415.54,345.17
1000,100,300,20,2.42,417.67,345.17
3000,100,300,20,7.29,420.49,345.17
10,10,50,50,0.19,87.79,613.79
100,10,50,50,1.98,96.7,608.46
500,10,50,50,10.85,100.55,608.46
1000,10,50,50,22.66,104.4,608.46
3000,10,50,50,67.78,107.41,608.46
10,10,100,50,0.21,111.0,613.79
100,10,100,50,2.27,114.81,608.46
500,10,100,50,12.07,118.3,608.46
1000,10,100,50,24.12,121.59,608.46
3000,10,100,50,71.08,125.44,608.46
10,10,150,50,0.21,128.75,613.79
100,10,150,50,2.14,132.41,608.46
500,10,150,50,12.29,136.14,608.46
1000,10,150,50,25.0,139.68,608.46
3000,10,150,50,74.74,143.23,608.46
10,10,200,50,0.2,146.65,613.79
100,10,200,50,2.21,150.93,608.46
500,10,200,50,12.7,153.91,608.46
1000,10,200,50,27.05,157.74,608.46
3000,10,200,50,74.31,161.56,608.46
10,10,300,50,0.19,164.8,613.79
100,10,300,50,2.13,168.18,608.46
500,10,300,50,13.17,172.18,608.46
1000,10,300,50,27.39,175.67,608.46
3000,10,300,50,84.41,179.21,608.46
10,20,50,50,0.21,182.86,613.79
100,20,50,50,2.56,186.25,608.46
500,20,50,50,11.35,189.81,608.46
1000,20,50,50,22.54,193.56,608.46
3000,20,50,50,71.37,196.95,608.46
10,20,100,50,0.21,200.39,613.79
100,20,100,50,2.19,204.18,608.46
500,20,100,50,12.01,208.34,608.46
1000,20,100,50,23.44,211.5,608.46
3000,20,100,50,71.17,214.96,608.46
10,20,150,50,0.2,218.91,613.79
100,20,150,50,2.2,222.35,608.46
500,20,150,50,12.5,225.89,608.46
1000,20,150,50,24.66,229.79,608.46
3000,20,150,50,75.79,232.91,608.46
10,20,200,50,0.21,236.44,613.79
100,20,200,50,2.21,240.34,608.46
500,20,200,50,12.78,243.64,608.46
1000,20,200,50,26.23,247.27,608.46
3000,20,200,50,78.68,250.68,608.46
10,20,300,50,0.2,254.49,613.79
100,20,300,50,2.18,257.91,608.46
500,20,300,50,12.65,261.33,608.46
1000,20,300,50,26.72,265.12,608.46
3000,20,300,50,82.37,268.4,608.46
10,30,50,50,0.2,271.95,613.79
100,30,50,50,2.13,276.0,608.46
500,30,50,50,10.8,279.27,608.46
1000,30,50,50,21.2,282.96,608.46
3000,30,50,50,63.82,286.61,608.46
10,30,100,50,0.2,290.1,613.79
100,30,100,50,2.09,293.56,608.46
500,30,100,50,11.07,297.38,608.46
1000,30,100,50,22.34,300.74,608.46
3000,30,100,50,68.15,304.13,608.46
10,30,150,50,0.2,307.65,613.79
100,30,150,50,2.09,311.49,608.46
500,30,150,50,12.17,314.85,608.46
1000,30,150,50,24.21,318.45,608.46
3000,30,150,50,73.1,322.04,608.46
10,30,200,50,0.21,325.29,613.79
100,30,200,50,2.15,328.98,608.46
500,30,200,50,12.65,332.88,608.46
1000,30,200,50,25.01,336.2,608.46
3000,30,200,50,78.02,339.85,608.46
10,30,300,50,0.21,343.63,613.79
100,30,300,50,2.18,346.95,608.46
500,30,300,50,12.86,350.53,608.46
1000,30,300,50,27.31,354.02,608.46
3000,30,300,50,84.04,357.46,608.46
10,50,50,50,0.2,360.97,613.79
100,50,50,50,2.24,364.82,608.46
500,50,50,50,10.98,368.11,608.46
1000,50,50,50,21.76,371.65,608.46
3000,50,50,50,65.81,375.5,608.46
10,50,100,50,0.2,378.83,613.79
100,50,100,50,2.33,382.26,608.46
500,50,100,50,11.52,386.28,608.46
1000,50,100,50,23.51,389.39,608.46
3000,50,100,50,69.71,393.0,608.46
10,50,150,50,0.2,397.01,613.79
100,50,150,50,2.16,400.05,608.46
500,50,150,50,11.54,403.64,608.46
1000,50,150,50,24.27,407.61,608.46
3000,50,150,50,71.83,410.68,608.46
10,50,200,50,0.2,414.34,613.79
100,50,200,50,2.09,418.11,608.46
500,50,200,50,12.65,421.52,608.46
1000,50,200,50,25.25,425.02,608.46
3000,50,200,50,74.64,429.14,608.46
10,50,300,50,0.2,432.05,613.79
100,50,300,50,2.12,435.72,608.46
500,50,300,50,12.83,439.75,608.46
1000,50,300,50,27.64,442.87,608.46
3000,50,300,50,84.56,446.62,608.46
10,100,50,50,0.2,450.23,613.79
100,100,50,50,2.16,453.5,608.46
500,100,50,50,11.12,457.13,608.46
1000,100,50,50,22.09,461.36,608.46
3000,100,50,50,65.14,464.13,608.46
10,100,100,50,0.2,467.76,613.79
100,100,100,50,2.2,471.85,608.46
500,100,100,50,11.49,475.04,608.46
1000,100,100,50,22.92,478.53,608.46
3000,100,100,50,71.13,482.21,608.46
10,100,150,50,0.2,485.28,613.79
100,100,150,50,2.17,489.32,608.46
500,100,150,50,11.83,492.64,608.46
1000,100,150,50,24.29,496.38,608.46
3000,100,150,50,73.11,499.89,608.46
10,100,200,50,0.2,503.2,613.79
100,100,200,50,2.32,506.92,608.46
500,100,200,50,12.95,510.45,608.46
1000,100,200,50,25.5,513.92,608.46
3000,100,200,50,74.39,517.58,608.46
10,100,300,50,0.2,521.27,613.79
100,100,300,50,2.06,524.53,608.46
500,100,300,50,12.75,529.33,608.46
1000,100,300,50,26.65,532.67,608.46
3000,100,300,50,81.19,536.12,608.46
